0000011000xxxxxxx  00000000001100010101001010
0000011001xxxxxxx  00000000001100010011001010
0000011010xxxxxxx  00000000001100010001001010
0000011100xxxxxxx  00000000001100010100001010
0000011101xxxxxxx  00000000001100010010001010
0010011000xxxxxxx  00000000001100010000000110
00100110010000000  00000000001100011000000110
0010011010xxxxxxx  00000000001100011000000100
0010011011xxxxxxx  00000000001110011000000100
0010011100xxxxxxx  00000000001100101000000110
00100111010000000  00000000001100100000000110
00100111010100000  00000000001100101000000110
0010011110xxxxxxx  00000000001100111000000110
0010011111xxxxxxx  00000000001100001000000110
0010111xxxxxxxxxx  00000000101000000000001110
0100011000xxxxxxx  00000001000100010000100000
0100011001xxxxxxx  00000001000100010000010000
0100011010xxxxxxx  00000001000100010000110000
01100110000000000  00000000001000010000000110
01100110000100000  00000000001000110000000110
01100110010000000  00000000001000011000000110
01100110100000000  00000000001000000000000100
01100110110000000  00000000001010000000000100
01100111000000000  00000000001000000000000110
01100111010000000  00000000001000100000000110
01100111010100000  00000000001000101000000110
01100111100000000  00000000001000111000000110
01100111110000000  00000000001000001000000110
0110111xxxxxxxxxx  00000000101000000000001000
1100011000xxxxxxx  01000001110000000000000000
1100011001xxxxxxx  00100001110000000000000000
1100011100xxxxxxx  00010001110000000000000000
1100011101xxxxxxx  00001001110000000000000000
1100011110xxxxxxx  00000101110010000000000000
1100011111xxxxxxx  00000011110010000000000000
1100111xxxxxxxxxx  10000000001100010000001101
1101111xxxxxxxxxx  10000000011100000000001100
01100110000000001  00000000001001000000000110
01100111000000001  00000000001001001000000110
01100111010000001  00000000001001010000000110
01100111100000001  00000000001001011000000110
01100111110000001  00000000001001100000000110







