0000011000xxxxxxx  0000000000110001010100101
0000011001xxxxxxx  0000000000110001001100101
0000011010xxxxxxx  0000000000110001000100101
0000011100xxxxxxx  0000000000110001010000101
0000011101xxxxxxx  0000000000110001001000101
0010011000xxxxxxx  0000000000110001000000011
00100110010000000  0000000000110001100000011
0010011010xxxxxxx  0000000000110001100000010
0010011011xxxxxxx  0000000000111001100000010
0010011100xxxxxxx  0000000000110010100000011
00100111010000000  0000000000110010000000011
00100111010100000  0000000000110010100000011
0010011110xxxxxxx  0000000000110011100000011
0010011111xxxxxxx  0000000000110000100000011
0010111xxxxxxxxxx  0000000010100000000000111
0100011000xxxxxxx  0000000100010001000010000
0100011001xxxxxxx  0000000100010001000001000
0100011010xxxxxxx  0000000100010001000011000
01100110000000000  0000000000100001000000011
01100110000100000  0000000000100011000000011
01100110010000000  0000000000100001100000011
01100110100000000  0000000000100000000000010
01100110110000000  0000000000101000000000010
01100111000000000  0000000000100000000000011
01100111010000000  0000000000100010000000011
01100111010100000  0000000000100010100000011
01100111100000000  0000000000100011100000011
01100111110000000  0000000000100000100000011
0110111xxxxxxxxxx  0000000010100000000000100
1100011000xxxxxxx  0100000111000000000000000
1100011001xxxxxxx  0010000111000000000000000
1100011100xxxxxxx  0001000111000000000000000
1100011101xxxxxxx  0000100111000000000000000
1100011110xxxxxxx  0000010111001000000000000
1100011111xxxxxxx  0000001111001000000000000
1100111xxxxxxxxxx  1000000000110001000000110
1101111xxxxxxxxxx  1000000001110000000000110
01100110000000001  0000000000100100000000011
01100111000000001  0000000000100100100000011
01100111010000001  0000000000100101000000011
01100111100000001  0000000000100101100000011
01100111110000001  0000000000100110000000011







